     0/449     6.85G   0.04892   0.01296         0   0.06187         3      1536     0.307    0.8608    0.6673    0.1979   0.04567   0.01017         0
     1/449     5.18G   0.03928  0.007039         0   0.04632         3      1536    0.4861    0.8817    0.8271    0.3293   0.03347  0.009454         0
     2/449     21.2G      0.03   0.00643         0   0.03643        29      1536     0.581    0.7879    0.7752    0.2734   0.03528  0.009421         0
     3/449     21.3G   0.02544  0.006535         0   0.03197        17      1536    0.5703    0.7171    0.6957    0.2256   0.03422   0.01025         0
     4/449     21.3G   0.02478  0.006195         0   0.03097        13      1536    0.4619    0.7846    0.7326    0.2461   0.03343   0.01012         0
     5/449     21.3G   0.02375   0.00617         0   0.02992        24      1536    0.4655    0.7008     0.649    0.1948   0.03763   0.01078         0
     6/449     21.3G   0.02322  0.005613         0   0.02883        35      1536    0.5955    0.7629    0.7492     0.261   0.03517  0.009732         0
     7/449     21.3G   0.02275  0.005755         0   0.02851        15      1536    0.4924    0.7688    0.7187      0.23   0.03426   0.01007         0
     8/449     21.3G   0.02297  0.005794         0   0.02876        15      1536    0.5311    0.7846    0.7416    0.2231    0.0349  0.009383         0
     9/449     21.3G   0.02143  0.005323         0   0.02676        19      1536    0.6769    0.7054    0.7061    0.2296   0.03505   0.01057         0
    10/449     21.3G    0.0219  0.005592         0    0.0275        26      1536    0.6782    0.7283    0.7471    0.2614   0.03508   0.01021         0
    11/449     21.3G   0.02165  0.005359         0   0.02701        23      1536    0.5809    0.7788    0.7583    0.2681   0.03403   0.01001         0
    12/449     21.3G   0.02145  0.005414         0   0.02686        13      1536    0.4967    0.7883    0.7562    0.2626   0.03287   0.01034         0
    13/449     21.3G    0.0212  0.005344         0   0.02654         8      1536    0.5952    0.8054    0.7915    0.2941   0.03119   0.00963         0
    14/449     21.3G    0.0215  0.005444         0   0.02695        10      1536    0.6538      0.77    0.7781    0.2785   0.03164   0.01029         0
    15/449     21.3G   0.02122  0.005174         0   0.02639        23      1536    0.5919    0.7371    0.7229    0.2424   0.03332   0.01047         0
    16/449     21.3G   0.02131  0.005191         0    0.0265        16      1536    0.5213    0.7683    0.7385    0.2493   0.03383   0.01026         0
    17/449     21.3G   0.02089  0.005276         0   0.02617        25      1536     0.769    0.7212    0.7638     0.274    0.0346    0.0107         0
    18/449     21.3G   0.02068  0.005255         0   0.02594         9      1536    0.5643    0.7762    0.7544     0.271   0.03318   0.01017         0
    19/449     21.3G   0.01983  0.005204         0   0.02504        28      1536    0.6584    0.7712    0.7693    0.2649   0.03284   0.01014         0
    20/449     21.3G   0.02033  0.005203         0   0.02553        40      1536    0.5921    0.7386    0.7231     0.251   0.03301   0.01049         0
    21/449     21.3G   0.02027  0.005323         0   0.02559        43      1536    0.6469    0.7617    0.7532    0.2599   0.03349   0.01019         0
    22/449     21.3G   0.02034  0.005128         0   0.02546        16      1536    0.6205    0.8083    0.7906    0.2847   0.03197  0.009611         0
    23/449     21.3G   0.01967  0.004951         0   0.02463        22      1536    0.5236    0.7533    0.7321    0.2468   0.03463   0.01039         0
    24/449     21.3G    0.0196  0.005057         0   0.02466        13      1536    0.6575    0.7179    0.7309    0.2526   0.03351    0.0109         0
    25/449     21.3G   0.01921   0.00506         0   0.02427        28      1536    0.7257      0.75    0.7657    0.2684   0.03409   0.01035         0
    26/449     21.3G    0.0189  0.004813         0   0.02372        16      1536    0.6656    0.7408    0.7434    0.2446   0.03469   0.01061         0
    27/449     21.3G   0.01948  0.004822         0    0.0243        24      1536    0.7319    0.7092    0.7421    0.2626   0.03255   0.01126         0
    28/449     21.3G   0.01911  0.004901         0   0.02401        21      1536    0.6429    0.7779    0.7752    0.2707   0.03289    0.0101         0
    29/449     21.3G   0.01959   0.00533         0   0.02492         8      1536    0.6266    0.7654    0.7512    0.2586   0.03318   0.01045         0
    30/449     21.3G   0.01871  0.004978         0   0.02369        14      1536    0.7168    0.7054    0.7242    0.2583   0.03276   0.01168         0
    31/449     21.3G   0.01963  0.005008         0   0.02464        29      1536     0.612    0.7913    0.7746    0.2608   0.03353  0.009797         0
    32/449     21.3G   0.01912  0.004784         0    0.0239         7      1536    0.7455    0.7696    0.7887    0.2686    0.0332   0.01006         0
    33/449     21.3G    0.0187  0.004908         0   0.02361        10      1536    0.7291    0.7322    0.7448    0.2581    0.0335   0.01072         0
    34/449     21.3G    0.0188   0.00483         0   0.02363        15      1536    0.5243    0.7717    0.7441    0.2552   0.03354   0.01037         0
    35/449     21.3G   0.01912  0.005237         0   0.02435        15      1536    0.7089    0.7096    0.7273    0.2539   0.03337   0.01183         0
    36/449     21.3G   0.01828  0.004811         0   0.02309         5      1536    0.6148    0.7825     0.768    0.2626   0.03269   0.01014         0
    37/449     21.3G   0.01846  0.004764         0   0.02322        24      1536    0.7048    0.7583    0.7787    0.2866   0.03186    0.0104         0
    38/449     21.3G   0.01839  0.004812         0    0.0232        25      1536     0.639    0.7929    0.7821    0.2685   0.03305  0.009786         0
    39/449     21.3G   0.01845  0.004976         0   0.02343        17      1536    0.7431     0.734    0.7543    0.2635   0.03335   0.01052         0
    40/449     21.3G   0.01842  0.005094         0   0.02352         6      1536    0.6912    0.7892    0.7919    0.2779   0.03281  0.009973         0
    41/449     21.3G   0.01923  0.005101         0   0.02433        20      1536     0.614    0.7971    0.7828    0.2798   0.03272  0.009873         0
    42/449     21.3G    0.0179  0.004736         0   0.02264        23      1536     0.736     0.797    0.8068    0.2852   0.03229  0.009738         0
    43/449     21.3G   0.01782  0.005016         0   0.02284         5      1536    0.6758    0.7958    0.7871    0.2718     0.034   0.00987         0
    44/449     21.3G   0.01819  0.004802         0   0.02299        10      1536    0.6759    0.7829    0.7828    0.2762   0.03295  0.009955         0
    45/449     21.3G   0.01769  0.004844         0   0.02254        10      1536    0.6462    0.7845    0.7713    0.2645   0.03288  0.009914         0
    46/449     21.3G   0.01748  0.004845         0   0.02232        25      1536    0.6414    0.7567    0.7543    0.2651   0.03388   0.01017         0
    47/449     21.3G   0.01767  0.004989         0   0.02266        45      1536    0.5795    0.7721    0.7456    0.2506   0.03406   0.01018         0
    48/449     21.3G    0.0175  0.004807         0   0.02231         8      1536    0.6365    0.7829    0.7766    0.2715   0.03225    0.0102         0
    49/449     21.3G   0.01749  0.004741         0   0.02223        27      1536    0.6354    0.7854    0.7787    0.2753   0.03253  0.009857         0
    50/449     21.3G   0.01753  0.004757         0   0.02228        12      1536    0.7227    0.7521    0.7749    0.2788   0.03313   0.01042         0
    51/449     4.66G    0.0176   0.00478         0   0.02238         3      1536    0.6794     0.778    0.7758    0.2702    0.0337   0.01004         0
    52/449     5.88G   0.01662  0.004458         0   0.02107         3      1536    0.7235    0.7454    0.7647    0.2687   0.03391   0.01143         0
    53/449     21.3G   0.01738  0.004652         0   0.02203        25      1536    0.6447    0.7817    0.7691     0.265   0.03282  0.009841         0
    54/449     21.3G   0.01696  0.004837         0   0.02179        19      1536     0.677    0.7731    0.7761    0.2753   0.03303   0.01034         0
    55/449     21.3G    0.0172  0.004787         0   0.02199        10      1536    0.6411    0.7617    0.7538    0.2612   0.03353   0.01024         0
    56/449     21.3G   0.01723  0.005034         0   0.02227        27      1536    0.6833    0.7967    0.7891    0.2791   0.03296  0.009597         0
    57/449     21.3G   0.01767   0.00482         0   0.02249        36      1536    0.7174    0.7708    0.7761    0.2749   0.03249   0.01038         0
    58/449     21.3G   0.01711  0.004963         0   0.02208        15      1536    0.7403    0.7532    0.7777    0.2789   0.03226   0.01045         0
    59/449     5.65G   0.01628  0.004591         0   0.02087         3      1536    0.7207    0.7767    0.7884    0.2764    0.0328   0.01086         0
    60/449     21.3G   0.01656  0.004522         0   0.02108        27      1536    0.6795    0.7867    0.7815    0.2718    0.0332    0.0098         0
    61/449     21.3G   0.01619  0.004692         0   0.02088        19      1536    0.7304    0.7696    0.7787    0.2682   0.03323   0.01005         0
    62/449     21.3G   0.01637  0.004621         0   0.02099        11      1536    0.7167    0.7796    0.7798    0.2715   0.03374  0.009786         0
    63/449     21.3G   0.01662  0.004821         0   0.02144        26      1536    0.6897    0.7683    0.7639    0.2661   0.03298   0.01056         0
    64/449     21.3G   0.01621  0.004463         0   0.02067        37      1536    0.6981    0.7896    0.7805    0.2733   0.03304   0.01015         0
    65/449     21.3G   0.01619  0.004721         0   0.02091        16      1536    0.6584    0.7808    0.7742    0.2729    0.0335   0.01061         0
    66/449     21.3G   0.01672  0.004924         0   0.02165        19      1536    0.6099    0.7738    0.7591    0.2586    0.0336   0.01033         0
    67/449     21.3G   0.01663  0.004598         0   0.02123        20      1536    0.6213    0.7858    0.7658    0.2589   0.03356   0.01037         0
    68/449     21.3G   0.01643  0.004738         0   0.02117        21      1536    0.6886    0.7971    0.7846    0.2711   0.03332   0.01009         0
    69/449     21.3G   0.01636  0.004653         0   0.02101        22      1536    0.6393    0.7892    0.7808    0.2742   0.03325   0.01033         0
    70/449     21.3G    0.0163  0.004698         0   0.02099        14      1536    0.6623    0.7908    0.7865    0.2701   0.03342   0.01021         0
    71/449     21.3G   0.01635  0.004761         0   0.02112         7      1536    0.7421    0.7327    0.7599    0.2657   0.03322     0.011         0
    72/449     21.3G   0.01648  0.004736         0   0.02122         9      1536    0.7318    0.7533    0.7708    0.2673   0.03318    0.0109         0
    73/449     21.3G   0.01608  0.004531         0   0.02061        23      1536    0.7313    0.7464    0.7695    0.2695   0.03335   0.01102         0
    74/449     21.3G   0.01579  0.004632         0   0.02042        14      1536    0.6832    0.7725    0.7777    0.2739   0.03292    0.0102         0
    75/449     21.3G   0.01638  0.004871         0   0.02125        28      1536    0.6343    0.7804    0.7662    0.2658   0.03349   0.01031         0
    76/449     21.3G   0.01601  0.004714         0   0.02073         8      1536    0.5955    0.8033    0.7782    0.2671   0.03337  0.009974         0
    77/449     21.3G   0.01574  0.004743         0   0.02048        32      1536    0.6241    0.7858    0.7716    0.2684   0.03361   0.01009         0
    78/449     21.3G   0.01624  0.004804         0   0.02105        40      1536    0.6763    0.7675    0.7619    0.2655   0.03323   0.01041         0
    79/449     21.3G   0.01606  0.004862         0   0.02092        45      1536    0.6954    0.7738    0.7763    0.2724   0.03316   0.01054         0
    80/449     21.3G   0.01605   0.00468         0   0.02073        16      1536    0.6847    0.7617    0.7594    0.2662   0.03336   0.01066         0
    81/449     21.3G   0.01549  0.004483         0   0.01997        23      1536    0.5956    0.7796    0.7603    0.2604   0.03364   0.01014         0
    82/449     21.3G   0.01569   0.00458         0   0.02027        13      1536    0.6825    0.7521    0.7601     0.269   0.03296    0.0106         0
    83/449     21.3G   0.01531  0.004606         0   0.01992        27      1536    0.7373    0.7254    0.7436    0.2599   0.03367   0.01125         0
    84/449     21.3G   0.01534  0.004474         0   0.01982        15      1536    0.6934    0.7875    0.7883    0.2737   0.03342  0.009923         0
    85/449     21.3G   0.01576  0.004509         0   0.02026        21      1536    0.6582    0.7913    0.7813    0.2681    0.0334   0.01004         0
    86/449     21.3G   0.01591  0.004592         0    0.0205        21      1536     0.671    0.7875    0.7866    0.2755   0.03326  0.009958         0
    87/449     21.3G   0.01599  0.004798         0   0.02079         6      1536    0.6842    0.7792    0.7808    0.2679   0.03361   0.01018         0
    88/449     21.3G   0.01538  0.004591         0   0.01997        12      1536    0.6664    0.7908    0.7868    0.2712   0.03329   0.01008         0
    89/449     21.3G   0.01573  0.004659         0   0.02039        31      1536    0.6369    0.7913    0.7771    0.2693   0.03317   0.01012         0
    90/449     21.3G   0.01567  0.004436         0    0.0201         7      1536    0.7138    0.7646    0.7676     0.265   0.03366   0.01035         0
    91/449     21.3G   0.01562  0.004596         0   0.02022        10      1536    0.7093    0.7392    0.7477    0.2593   0.03394   0.01074         0
    92/449     21.3G   0.01556  0.004514         0   0.02007        15      1536    0.6459    0.7875    0.7749    0.2676   0.03348    0.0102         0
    93/449     21.3G   0.01595  0.004845         0   0.02079        17      1536    0.6922    0.7612    0.7659    0.2661    0.0331    0.0108         0
    94/449     21.3G   0.01534  0.004534         0   0.01987         5      1536    0.6548    0.7944    0.7892    0.2716   0.03258   0.01018         0
    95/449     21.3G   0.01535  0.004432         0   0.01978        24      1536    0.6762    0.7983    0.7921    0.2747   0.03287    0.0101         0
    96/449     21.3G   0.01545  0.004538         0   0.01998        30      1536    0.6568    0.7808    0.7731    0.2668   0.03349   0.01031         0
    97/449     21.3G   0.01548  0.004589         0   0.02007        19      1536    0.6924    0.7783    0.7799    0.2691   0.03367   0.01017         0
    98/449     21.3G   0.01598  0.004783         0   0.02076         6      1536    0.6683      0.78    0.7727    0.2685   0.03378   0.01004         0
    99/449     21.3G   0.01604  0.004731         0   0.02077        22      1536    0.6956    0.7896    0.7815    0.2712   0.03336   0.01003         0
   100/449     21.3G   0.01523  0.004398         0   0.01963        24      1536     0.679    0.7754    0.7616    0.2625   0.03384   0.01043         0
   101/449     21.3G   0.01546  0.004757         0   0.02022         5      1536    0.6965    0.7846    0.7796     0.268   0.03349    0.0104         0
   102/449     21.3G    0.0156  0.004557         0   0.02015        10      1536    0.6837    0.7825    0.7752    0.2696   0.03339   0.01015         0
   103/449     21.3G   0.01532  0.004556         0   0.01987         9      1536    0.6554    0.7957     0.778    0.2682   0.03342   0.01005         0
   104/449     21.3G    0.0151  0.004494         0   0.01959        28      1536     0.668    0.7654    0.7536    0.2599   0.03368   0.01042         0
   105/449     21.3G   0.01517  0.004581         0   0.01975        47      1536    0.6738    0.7713    0.7626    0.2625    0.0337   0.01045         0
   106/449     21.3G   0.01508  0.004562         0   0.01965         8      1536    0.6646    0.7662    0.7587    0.2593   0.03361   0.01058         0
